1.000000
0.739726
0.625378
0.850511
0.969068
0.880326
0.811719
0.164617
0.834129
0.539373
0.466332
0.096436
0.712682
0.836677
0.938816
0.940435
0.811922
0.881757
0.979857
0.350175
0.159320
0.972114
0.475586
0.243992
0.685889
0.268609
1.000000
0.799643
1.000000
0.749104
0.268676
0.241185
0.070989
0.107808
0.410215
0.876227
0.036431
0.676588
0.463202
0.168318
0.600378
0.443324
0.643651
0.598938
0.576726
0.884291
0.723725
0.771304
0.701047
0.728323
0.337056
0.694136
0.804003
0.350645
0.178493
0.875098
0.969461
0.959569
0.821673
0.734728
0.626239
0.683692
0.864721
0.890572
0.497105
0.172943
0.626352
0.637124
0.602596
0.461777
0.674094
0.602389
0.446614
0.568061
0.241971
0.608274
0.792242
0.854513
0.883626
0.462490
0.714153
0.939694
0.919257
0.915397
0.510575
0.653068
0.564943
0.247900
0.526737
0.910886
0.711178
0.497780
0.921648
0.976391
0.769116
0.372551
0.827057
0.001036
0.574826
0.535153
0.833720
0.456419
0.861117
0.845196
0.638960
0.422659
0.463027
0.841054
0.990790
0.713096
0.977380
0.117141
0.679041
0.823917
0.499816
0.861363
0.524032
0.467360
0.093198
0.919517
0.460520
0.838009
0.583102
0.664290
0.992250
0.666110
0.378974
0.654331
0.351534
0.901956
0.910880
0.877765
0.915634
0.108606
0.990961
0.840683
0.818499
0.872513
0.912858
0.891772
0.920153
0.698244
0.700089
0.888191
0.894467
0.960762
0.900079
0.748635
0.186027
0.519607
0.379402
0.277541
0.295031
0.114800
0.399540
0.370093
0.922473
0.103303
0.489761
0.722722
0.182500
0.794911
0.501783
0.817164
0.102325
0.901483
0.885152
0.775363
0.766832
0.739463
0.146983
0.911689
