1.000000
0.765947
0.719350
0.877125
0.975171
0.884715
0.820632
0.170506
0.853581
0.544167
0.466384
0.097248
0.715387
0.849563
0.938913
0.946193
0.818500
0.904834
0.980698
0.372794
0.179487
0.974054
0.517311
0.250424
0.732645
0.268719
1.000000
0.831862
1.000000
0.749198
0.279542
0.241342
0.071064
0.108037
0.422766
0.877718
0.043410
0.680640
0.507569
0.204711
0.608003
0.451272
0.661930
0.607288
0.613436
0.897638
0.773044
0.799780
0.702364
0.764658
0.337331
0.740647
0.853508
0.351377
0.246805
0.880623
0.970536
0.965467
0.857677
0.755121
0.677651
0.724993
0.869787
0.902825
0.532557
0.178853
0.650385
0.664551
0.604827
0.492639
0.705526
0.602842
0.476074
0.568061
0.248339
0.609489
0.840435
0.868755
0.908600
0.482247
0.750860
0.945085
0.921212
0.927580
0.549869
0.677672
0.606128
0.248005
0.570175
0.925890
0.753063
0.555082
0.924166
0.980829
0.814882
0.372553
0.827461
0.001038
0.590601
0.560881
0.848816
0.519338
0.863278
0.845524
0.685974
0.476950
0.471159
0.860424
0.991561
0.713301
0.982781
0.145199
0.679105
0.829414
0.508865
0.862214
0.524314
0.522387
0.093871
0.919886
0.462438
0.871643
0.587357
0.665284
0.994002
0.717030
0.380487
0.689596
0.384453
0.901988
0.916133
0.891984
0.919261
0.108831
0.991812
0.851933
0.841108
0.883834
0.912876
0.892627
0.925343
0.701767
0.709437
0.899118
0.909211
0.967546
0.919360
0.784904
0.236533
0.523136
0.380066
0.277615
0.296735
0.115556
0.405855
0.404281
0.941034
0.105507
0.495932
0.775823
0.196377
0.811591
0.501909
0.817183
0.103781
0.901505
0.911833
0.798770
0.779874
0.749663
0.147196
0.927362
